8 1765261556 1.000000 -1 1.000000 1.000000 1.000000
8 1765261571 1.000000 -1 1.000000 1.000000 1.000000
19 1765261576 2.000000 -1 2.000000 2.000000 2.000000
21 1765261576 2.000000 -1 2.000000 2.000000 2.000000
8 1765261586 1.000000 -1 1.000000 1.000000 1.000000
19 1765261591 1.000000 -1 1.000000 1.000000 1.000000
21 1765261591 1.000000 -1 1.000000 1.000000 1.000000
23 1765261601 2.000000 -1 2.000000 2.000000 2.000000
8 1765261601 1.000000 -1 1.000000 1.000000 1.000000
25 1765261601 2.000000 -1 2.000000 2.000000 2.000000
19 1765261606 1.000000 -1 1.000000 1.000000 1.000000
21 1765261606 1.000000 -1 1.000000 1.000000 1.000000
23 1765261616 1.000000 -1 1.000000 1.000000 1.000000
8 1765261616 1.000000 -1 1.000000 1.000000 1.000000
25 1765261616 1.000000 -1 1.000000 1.000000 1.000000
19 1765261621 1.000000 -1 1.000000 1.000000 1.000000
21 1765261621 1.000000 -1 1.000000 1.000000 1.000000
28 1765261626 2.000000 -1 2.000000 2.000000 2.000000
30 1765261626 2.000000 -1 2.000000 2.000000 2.000000
23 1765261631 1.000000 -1 1.000000 1.000000 1.000000
8 1765261631 1.000000 -1 1.000000 1.000000 1.000000
25 1765261631 1.000000 -1 1.000000 1.000000 1.000000
19 1765261636 1.000000 -1 1.000000 1.000000 1.000000
21 1765261636 1.000000 -1 1.000000 1.000000 1.000000
32 1765261641 1.000000 -1 1.000000 1.000000 1.000000
28 1765261641 1.000000 -1 1.000000 1.000000 1.000000
34 1765261641 1.000000 -1 1.000000 1.000000 1.000000
30 1765261641 1.000000 -1 1.000000 1.000000 1.000000
32 1765261646 1.000000 -1 1.000000 1.000000 1.000000
23 1765261646 1.000000 -1 1.000000 1.000000 1.000000
8 1765261646 1.000000 -1 1.000000 1.000000 1.000000
34 1765261646 1.000000 -1 1.000000 1.000000 1.000000
25 1765261646 1.000000 -1 1.000000 1.000000 1.000000
19 1765261651 3.000000 -1 3.000000 3.000000 3.000000
21 1765261651 3.000000 -1 3.000000 3.000000 3.000000
28 1765261651 1.000000 -1 1.000000 1.000000 1.000000
30 1765261651 1.000000 -1 1.000000 1.000000 1.000000
32 1765261661 1.000000 -1 1.000000 1.000000 1.000000
23 1765261661 1.000000 -1 1.000000 1.000000 1.000000
8 1765261661 1.000000 -1 1.000000 1.000000 1.000000
34 1765261661 1.000000 -1 1.000000 1.000000 1.000000
25 1765261661 1.000000 -1 1.000000 1.000000 1.000000
19 1765261666 2.000000 -1 2.000000 2.000000 2.000000
21 1765261666 2.000000 -1 2.000000 2.000000 2.000000
32 1765261671 1.000000 -1 1.000000 1.000000 1.000000
28 1765261671 1.000000 -1 1.000000 1.000000 1.000000
34 1765261671 1.000000 -1 1.000000 1.000000 1.000000
30 1765261671 1.000000 -1 1.000000 1.000000 1.000000
23 1765261676 3.000000 -1 3.000000 3.000000 3.000000
8 1765261676 1.000000 -1 1.000000 1.000000 1.000000
25 1765261676 3.000000 -1 3.000000 3.000000 3.000000
19 1765261681 2.000000 -1 2.000000 2.000000 2.000000
21 1765261681 2.000000 -1 2.000000 2.000000 2.000000
32 1765261686 1.000000 -1 1.000000 1.000000 1.000000
28 1765261686 1.000000 -1 1.000000 1.000000 1.000000
34 1765261686 1.000000 -1 1.000000 1.000000 1.000000
30 1765261686 1.000000 -1 1.000000 1.000000 1.000000
23 1765261691 2.000000 -1 2.000000 2.000000 2.000000
8 1765261691 1.000000 -1 1.000000 1.000000 1.000000
25 1765261691 2.000000 -1 2.000000 2.000000 2.000000
19 1765261696 2.000000 -1 2.000000 2.000000 2.000000
21 1765261696 2.000000 -1 2.000000 2.000000 2.000000
28 1765261696 2.000000 -1 2.000000 2.000000 2.000000
30 1765261696 2.000000 -1 2.000000 2.000000 2.000000
32 1765261701 1.000000 -1 1.000000 1.000000 1.000000
28 1765261701 1.000000 -1 1.000000 1.000000 1.000000
23 1765261701 1.000000 -1 1.000000 1.000000 1.000000
34 1765261701 1.000000 -1 1.000000 1.000000 1.000000
25 1765261701 1.000000 -1 1.000000 1.000000 1.000000
30 1765261701 1.000000 -1 1.000000 1.000000 1.000000
23 1765261706 1.000000 -1 1.000000 1.000000 1.000000
25 1765261706 1.000000 -1 1.000000 1.000000 1.000000
28 1765261716 2.000000 -1 2.000000 2.000000 2.000000
30 1765261716 2.000000 -1 2.000000 2.000000 2.000000
32 1765261721 2.000000 -1 2.000000 2.000000 2.000000
34 1765261721 2.000000 -1 2.000000 2.000000 2.000000
32 1765261726 1.000000 -1 1.000000 1.000000 1.000000
23 1765261726 2.000000 -1 2.000000 2.000000 2.000000
34 1765261726 1.000000 -1 1.000000 1.000000 1.000000
25 1765261726 2.000000 -1 2.000000 2.000000 2.000000
19 1765261731 3.000000 -1 3.000000 3.000000 3.000000
21 1765261731 3.000000 -1 3.000000 3.000000 3.000000
28 1765261731 2.000000 -1 2.000000 2.000000 2.000000
30 1765261731 2.000000 -1 2.000000 2.000000 2.000000
19 1765261736 1.000000 -1 1.000000 1.000000 1.000000
21 1765261736 1.000000 -1 1.000000 1.000000 1.000000
32 1765261736 2.000000 -1 2.000000 2.000000 2.000000
34 1765261736 2.000000 -1 2.000000 2.000000 2.000000
19 1765261741 1.000000 -1 1.000000 1.000000 1.000000
21 1765261741 1.000000 -1 1.000000 1.000000 1.000000
19 1765261751 1.000000 -1 1.000000 1.000000 1.000000
21 1765261751 1.000000 -1 1.000000 1.000000 1.000000
32 1765261751 2.000000 -1 2.000000 2.000000 2.000000
28 1765261751 2.000000 -1 2.000000 2.000000 2.000000
34 1765261751 2.000000 -1 2.000000 2.000000 2.000000
30 1765261751 2.000000 -1 2.000000 2.000000 2.000000
23 1765261756 1.000000 -1 1.000000 1.000000 1.000000
25 1765261756 1.000000 -1 1.000000 1.000000 1.000000
19 1765261761 1.000000 -1 1.000000 1.000000 1.000000
21 1765261761 1.000000 -1 1.000000 1.000000 1.000000
23 1765261761 3.000000 -1 3.000000 3.000000 3.000000
25 1765261761 3.000000 -1 3.000000 3.000000 3.000000
23 1765261766 1.000000 -1 1.000000 1.000000 1.000000
25 1765261766 1.000000 -1 1.000000 1.000000 1.000000
19 1765261771 1.000000 -1 1.000000 1.000000 1.000000
21 1765261771 1.000000 -1 1.000000 1.000000 1.000000
32 1765261771 2.000000 -1 2.000000 2.000000 2.000000
34 1765261771 2.000000 -1 2.000000 2.000000 2.000000
19 1765261776 1.000000 -1 1.000000 1.000000 1.000000
21 1765261776 1.000000 -1 1.000000 1.000000 1.000000
23 1765261776 1.000000 -1 1.000000 1.000000 1.000000
25 1765261776 1.000000 -1 1.000000 1.000000 1.000000
19 1765261781 1.000000 -1 1.000000 1.000000 1.000000
21 1765261781 1.000000 -1 1.000000 1.000000 1.000000
28 1765261781 1.000000 -1 1.000000 1.000000 1.000000
30 1765261781 1.000000 -1 1.000000 1.000000 1.000000
28 1765261786 3.000000 -1 3.000000 3.000000 3.000000
30 1765261786 3.000000 -1 3.000000 3.000000 3.000000
28 1765261791 1.000000 -1 1.000000 1.000000 1.000000
23 1765261791 1.000000 -1 1.000000 1.000000 1.000000
25 1765261791 1.000000 -1 1.000000 1.000000 1.000000
30 1765261791 1.000000 -1 1.000000 1.000000 1.000000
23 1765261796 1.000000 -1 1.000000 1.000000 1.000000
25 1765261796 1.000000 -1 1.000000 1.000000 1.000000
28 1765261801 1.000000 -1 1.000000 1.000000 1.000000
23 1765261801 1.000000 -1 1.000000 1.000000 1.000000
25 1765261801 1.000000 -1 1.000000 1.000000 1.000000
30 1765261801 1.000000 -1 1.000000 1.000000 1.000000
32 1765261806 4.000000 -1 4.000000 4.000000 4.000000
23 1765261806 1.000000 -1 1.000000 1.000000 1.000000
34 1765261806 4.000000 -1 4.000000 4.000000 4.000000
25 1765261806 1.000000 -1 1.000000 1.000000 1.000000
19 1765261811 2.000000 -1 2.000000 2.000000 2.000000
21 1765261811 2.000000 -1 2.000000 2.000000 2.000000
32 1765261811 1.000000 -1 1.000000 1.000000 1.000000
28 1765261811 1.000000 -1 1.000000 1.000000 1.000000
34 1765261811 1.000000 -1 1.000000 1.000000 1.000000
30 1765261811 1.000000 -1 1.000000 1.000000 1.000000
19 1765261816 2.000000 -1 2.000000 2.000000 2.000000
21 1765261816 2.000000 -1 2.000000 2.000000 2.000000
28 1765261821 1.000000 -1 1.000000 1.000000 1.000000
30 1765261821 1.000000 -1 1.000000 1.000000 1.000000
19 1765261826 1.000000 -1 1.000000 1.000000 1.000000
21 1765261826 1.000000 -1 1.000000 1.000000 1.000000
32 1765261826 1.000000 -1 1.000000 1.000000 1.000000
34 1765261826 1.000000 -1 1.000000 1.000000 1.000000
28 1765261831 2.000000 -1 2.000000 2.000000 2.000000
30 1765261831 2.000000 -1 2.000000 2.000000 2.000000
19 1765261836 1.000000 -1 1.000000 1.000000 1.000000
21 1765261836 1.000000 -1 1.000000 1.000000 1.000000
32 1765261836 1.000000 -1 1.000000 1.000000 1.000000
23 1765261836 1.000000 -1 1.000000 1.000000 1.000000
34 1765261836 1.000000 -1 1.000000 1.000000 1.000000
25 1765261836 1.000000 -1 1.000000 1.000000 1.000000
23 1765261841 2.000000 -1 2.000000 2.000000 2.000000
25 1765261841 2.000000 -1 2.000000 2.000000 2.000000
32 1765261846 1.000000 -1 1.000000 1.000000 1.000000
34 1765261846 1.000000 -1 1.000000 1.000000 1.000000
32 1765261851 1.000000 -1 1.000000 1.000000 1.000000
23 1765261851 2.000000 -1 2.000000 2.000000 2.000000
34 1765261851 1.000000 -1 1.000000 1.000000 1.000000
25 1765261851 2.000000 -1 2.000000 2.000000 2.000000
32 1765261856 1.000000 -1 1.000000 1.000000 1.000000
34 1765261856 1.000000 -1 1.000000 1.000000 1.000000
19 1765261861 2.000000 -1 2.000000 2.000000 2.000000
21 1765261861 2.000000 -1 2.000000 2.000000 2.000000
28 1765261861 1.000000 -1 1.000000 1.000000 1.000000
30 1765261861 1.000000 -1 1.000000 1.000000 1.000000
23 1765261866 1.000000 -1 1.000000 1.000000 1.000000
25 1765261866 1.000000 -1 1.000000 1.000000 1.000000
19 1765261871 2.000000 -1 2.000000 2.000000 2.000000
21 1765261871 2.000000 -1 2.000000 2.000000 2.000000
28 1765261871 2.000000 -1 2.000000 2.000000 2.000000
30 1765261871 2.000000 -1 2.000000 2.000000 2.000000
28 1765261876 2.000000 -1 2.000000 2.000000 2.000000
30 1765261876 2.000000 -1 2.000000 2.000000 2.000000
23 1765261886 2.000000 -1 2.000000 2.000000 2.000000
25 1765261886 2.000000 -1 2.000000 2.000000 2.000000
32 1765261891 3.000000 -1 3.000000 3.000000 3.000000
28 1765261891 1.000000 -1 1.000000 1.000000 1.000000
34 1765261891 3.000000 -1 3.000000 3.000000 3.000000
30 1765261891 1.000000 -1 1.000000 1.000000 1.000000
32 1765261896 1.000000 -1 1.000000 1.000000 1.000000
23 1765261896 2.000000 -1 2.000000 2.000000 2.000000
34 1765261896 1.000000 -1 1.000000 1.000000 1.000000
25 1765261896 2.000000 -1 2.000000 2.000000 2.000000
32 1765261901 1.000000 -1 1.000000 1.000000 1.000000
34 1765261901 1.000000 -1 1.000000 1.000000 1.000000
19 1765261906 2.000000 -1 2.000000 2.000000 2.000000
21 1765261906 2.000000 -1 2.000000 2.000000 2.000000
19 1765261911 1.000000 -1 1.000000 1.000000 1.000000
21 1765261911 1.000000 -1 1.000000 1.000000 1.000000
19 1765261916 1.000000 -1 1.000000 1.000000 1.000000
21 1765261916 1.000000 -1 1.000000 1.000000 1.000000
32 1765261916 1.000000 -1 1.000000 1.000000 1.000000
28 1765261916 2.000000 -1 2.000000 2.000000 2.000000
34 1765261916 1.000000 -1 1.000000 1.000000 1.000000
30 1765261916 2.000000 -1 2.000000 2.000000 2.000000
28 1765261921 1.000000 -1 1.000000 1.000000 1.000000
30 1765261921 1.000000 -1 1.000000 1.000000 1.000000
28 1765261926 1.000000 -1 1.000000 1.000000 1.000000
30 1765261926 1.000000 -1 1.000000 1.000000 1.000000
23 1765261931 3.000000 -1 3.000000 3.000000 3.000000
25 1765261931 3.000000 -1 3.000000 3.000000 3.000000
32 1765261936 2.000000 -1 2.000000 2.000000 2.000000
34 1765261936 2.000000 -1 2.000000 2.000000 2.000000
19 1765261941 2.000000 -1 2.000000 2.000000 2.000000
21 1765261941 2.000000 -1 2.000000 2.000000 2.000000
23 1765261941 1.000000 -1 1.000000 1.000000 1.000000
25 1765261941 1.000000 -1 1.000000 1.000000 1.000000
19 1765261946 1.000000 -1 1.000000 1.000000 1.000000
21 1765261946 1.000000 -1 1.000000 1.000000 1.000000
32 1765261946 2.000000 -1 2.000000 2.000000 2.000000
34 1765261946 2.000000 -1 2.000000 2.000000 2.000000
19 1765261956 2.000000 -1 2.000000 2.000000 2.000000
21 1765261956 2.000000 -1 2.000000 2.000000 2.000000
28 1765261956 3.000000 -1 3.000000 3.000000 3.000000
30 1765261956 3.000000 -1 3.000000 3.000000 3.000000
28 1765261966 1.000000 -1 1.000000 1.000000 1.000000
23 1765261966 3.000000 -1 3.000000 3.000000 3.000000
25 1765261966 3.000000 -1 3.000000 3.000000 3.000000
30 1765261966 1.000000 -1 1.000000 1.000000 1.000000
19 1765261976 1.000000 -1 1.000000 1.000000 1.000000
21 1765261976 1.000000 -1 1.000000 1.000000 1.000000
32 1765261976 3.000000 -1 3.000000 3.000000 3.000000
34 1765261976 3.000000 -1 3.000000 3.000000 3.000000
23 1765261981 2.000000 -1 2.000000 2.000000 2.000000
25 1765261981 2.000000 -1 2.000000 2.000000 2.000000
19 1765261986 1.000000 -1 1.000000 1.000000 1.000000
21 1765261986 1.000000 -1 1.000000 1.000000 1.000000
19 1765261991 2.000000 -1 2.000000 2.000000 2.000000
21 1765261991 2.000000 -1 2.000000 2.000000 2.000000
32 1765261991 1.000000 -1 1.000000 1.000000 1.000000
28 1765261991 2.000000 -1 2.000000 2.000000 2.000000
34 1765261991 1.000000 -1 1.000000 1.000000 1.000000
30 1765261991 2.000000 -1 2.000000 2.000000 2.000000
28 1765262001 1.000000 -1 1.000000 1.000000 1.000000
30 1765262001 1.000000 -1 1.000000 1.000000 1.000000
28 1765262006 2.000000 -1 2.000000 2.000000 2.000000
23 1765262006 1.000000 -1 1.000000 1.000000 1.000000
25 1765262006 1.000000 -1 1.000000 1.000000 1.000000
30 1765262006 2.000000 -1 2.000000 2.000000 2.000000
23 1765262011 2.000000 -1 2.000000 2.000000 2.000000
25 1765262011 2.000000 -1 2.000000 2.000000 2.000000
23 1765262016 1.000000 -1 1.000000 1.000000 1.000000
25 1765262016 1.000000 -1 1.000000 1.000000 1.000000
19 1765262021 1.000000 -1 1.000000 1.000000 1.000000
21 1765262021 1.000000 -1 1.000000 1.000000 1.000000
32 1765262021 4.000000 -1 4.000000 4.000000 4.000000
34 1765262021 4.000000 -1 4.000000 4.000000 4.000000
19 1765262026 1.000000 -1 1.000000 1.000000 1.000000
21 1765262026 1.000000 -1 1.000000 1.000000 1.000000
32 1765262026 1.000000 -1 1.000000 1.000000 1.000000
28 1765262026 1.000000 -1 1.000000 1.000000 1.000000
34 1765262026 1.000000 -1 1.000000 1.000000 1.000000
30 1765262026 1.000000 -1 1.000000 1.000000 1.000000
19 1765262031 3.000000 -1 3.000000 3.000000 3.000000
21 1765262031 3.000000 -1 3.000000 3.000000 3.000000
28 1765262036 3.000000 -1 3.000000 3.000000 3.000000
30 1765262036 3.000000 -1 3.000000 3.000000 3.000000
19 1765262041 1.000000 -1 1.000000 1.000000 1.000000
21 1765262041 1.000000 -1 1.000000 1.000000 1.000000
32 1765262046 1.000000 -1 1.000000 1.000000 1.000000
23 1765262046 1.000000 -1 1.000000 1.000000 1.000000
34 1765262046 1.000000 -1 1.000000 1.000000 1.000000
25 1765262046 1.000000 -1 1.000000 1.000000 1.000000
23 1765262051 3.000000 -1 3.000000 3.000000 3.000000
25 1765262051 3.000000 -1 3.000000 3.000000 3.000000
19 1765262056 1.000000 -1 1.000000 1.000000 1.000000
21 1765262056 1.000000 -1 1.000000 1.000000 1.000000
32 1765262056 2.000000 -1 2.000000 2.000000 2.000000
23 1765262056 1.000000 -1 1.000000 1.000000 1.000000
34 1765262056 2.000000 -1 2.000000 2.000000 2.000000
25 1765262056 1.000000 -1 1.000000 1.000000 1.000000
19 1765262061 2.000000 -1 2.000000 2.000000 2.000000
21 1765262061 2.000000 -1 2.000000 2.000000 2.000000
32 1765262066 1.000000 -1 1.000000 1.000000 1.000000
28 1765262066 1.000000 -1 1.000000 1.000000 1.000000
23 1765262066 1.000000 -1 1.000000 1.000000 1.000000
34 1765262066 1.000000 -1 1.000000 1.000000 1.000000
25 1765262066 1.000000 -1 1.000000 1.000000 1.000000
30 1765262066 1.000000 -1 1.000000 1.000000 1.000000
19 1765262071 1.000000 -1 1.000000 1.000000 1.000000
21 1765262071 1.000000 -1 1.000000 1.000000 1.000000
28 1765262076 4.000000 -1 4.000000 4.000000 4.000000
23 1765262076 1.000000 -1 1.000000 1.000000 1.000000
25 1765262076 1.000000 -1 1.000000 1.000000 1.000000
30 1765262076 4.000000 -1 4.000000 4.000000 4.000000
32 1765262086 1.000000 -1 1.000000 1.000000 1.000000
28 1765262086 1.000000 -1 1.000000 1.000000 1.000000
23 1765262086 2.000000 -1 2.000000 2.000000 2.000000
34 1765262086 1.000000 -1 1.000000 1.000000 1.000000
25 1765262086 2.000000 -1 2.000000 2.000000 2.000000
30 1765262086 1.000000 -1 1.000000 1.000000 1.000000
19 1765262096 1.000000 -1 1.000000 1.000000 1.000000
21 1765262096 1.000000 -1 1.000000 1.000000 1.000000
32 1765262096 3.000000 -1 3.000000 3.000000 3.000000
23 1765262096 1.000000 -1 1.000000 1.000000 1.000000
34 1765262096 3.000000 -1 3.000000 3.000000 3.000000
25 1765262096 1.000000 -1 1.000000 1.000000 1.000000
19 1765262101 2.000000 -1 2.000000 2.000000 2.000000
21 1765262101 2.000000 -1 2.000000 2.000000 2.000000
32 1765262101 1.000000 -1 1.000000 1.000000 1.000000
28 1765262101 1.000000 -1 1.000000 1.000000 1.000000
34 1765262101 1.000000 -1 1.000000 1.000000 1.000000
30 1765262101 1.000000 -1 1.000000 1.000000 1.000000
19 1765262106 1.000000 -1 1.000000 1.000000 1.000000
21 1765262106 1.000000 -1 1.000000 1.000000 1.000000
32 1765262111 1.000000 -1 1.000000 1.000000 1.000000
28 1765262111 2.000000 -1 2.000000 2.000000 2.000000
34 1765262111 1.000000 -1 1.000000 1.000000 1.000000
30 1765262111 2.000000 -1 2.000000 2.000000 2.000000
19 1765262116 1.000000 -1 1.000000 1.000000 1.000000
21 1765262116 1.000000 -1 1.000000 1.000000 1.000000
32 1765262121 1.000000 -1 1.000000 1.000000 1.000000
28 1765262121 1.000000 -1 1.000000 1.000000 1.000000
23 1765262121 1.000000 -1 1.000000 1.000000 1.000000
34 1765262121 1.000000 -1 1.000000 1.000000 1.000000
25 1765262121 1.000000 -1 1.000000 1.000000 1.000000
30 1765262121 1.000000 -1 1.000000 1.000000 1.000000
19 1765262126 1.000000 -1 1.000000 1.000000 1.000000
21 1765262126 1.000000 -1 1.000000 1.000000 1.000000
32 1765262126 2.000000 -1 2.000000 2.000000 2.000000
23 1765262126 2.000000 -1 2.000000 2.000000 2.000000
34 1765262126 2.000000 -1 2.000000 2.000000 2.000000
25 1765262126 2.000000 -1 2.000000 2.000000 2.000000
19 1765262131 1.000000 -1 1.000000 1.000000 1.000000
21 1765262131 1.000000 -1 1.000000 1.000000 1.000000
23 1765262131 1.000000 -1 1.000000 1.000000 1.000000
25 1765262131 1.000000 -1 1.000000 1.000000 1.000000
19 1765262136 1.000000 -1 1.000000 1.000000 1.000000
21 1765262136 1.000000 -1 1.000000 1.000000 1.000000
32 1765262141 1.000000 -1 1.000000 1.000000 1.000000
28 1765262141 1.000000 -1 1.000000 1.000000 1.000000
23 1765262141 1.000000 -1 1.000000 1.000000 1.000000
34 1765262141 1.000000 -1 1.000000 1.000000 1.000000
25 1765262141 1.000000 -1 1.000000 1.000000 1.000000
30 1765262141 1.000000 -1 1.000000 1.000000 1.000000
28 1765262146 1.000000 -1 1.000000 1.000000 1.000000
23 1765262146 1.000000 -1 1.000000 1.000000 1.000000
25 1765262146 1.000000 -1 1.000000 1.000000 1.000000
30 1765262146 1.000000 -1 1.000000 1.000000 1.000000
19 1765262151 1.000000 -1 1.000000 1.000000 1.000000
21 1765262151 1.000000 -1 1.000000 1.000000 1.000000
28 1765262151 1.000000 -1 1.000000 1.000000 1.000000
30 1765262151 1.000000 -1 1.000000 1.000000 1.000000
28 1765262156 1.000000 -1 1.000000 1.000000 1.000000
23 1765262156 2.000000 -1 2.000000 2.000000 2.000000
25 1765262156 2.000000 -1 2.000000 2.000000 2.000000
30 1765262156 1.000000 -1 1.000000 1.000000 1.000000
32 1765262161 1.000000 -1 1.000000 1.000000 1.000000
28 1765262161 1.000000 -1 1.000000 1.000000 1.000000
34 1765262161 1.000000 -1 1.000000 1.000000 1.000000
30 1765262161 1.000000 -1 1.000000 1.000000 1.000000
32 1765262166 1.000000 -1 1.000000 1.000000 1.000000
34 1765262166 1.000000 -1 1.000000 1.000000 1.000000
19 1765262171 1.000000 -1 1.000000 1.000000 1.000000
21 1765262171 1.000000 -1 1.000000 1.000000 1.000000
32 1765262171 1.000000 -1 1.000000 1.000000 1.000000
28 1765262171 1.000000 -1 1.000000 1.000000 1.000000
34 1765262171 1.000000 -1 1.000000 1.000000 1.000000
30 1765262171 1.000000 -1 1.000000 1.000000 1.000000
19 1765262176 1.000000 -1 1.000000 1.000000 1.000000
21 1765262176 1.000000 -1 1.000000 1.000000 1.000000
32 1765262176 1.000000 -1 1.000000 1.000000 1.000000
23 1765262176 1.000000 -1 1.000000 1.000000 1.000000
34 1765262176 1.000000 -1 1.000000 1.000000 1.000000
25 1765262176 1.000000 -1 1.000000 1.000000 1.000000
19 1765262181 1.000000 -1 1.000000 1.000000 1.000000
21 1765262181 1.000000 -1 1.000000 1.000000 1.000000
32 1765262181 1.000000 -1 1.000000 1.000000 1.000000
28 1765262181 2.000000 -1 2.000000 2.000000 2.000000
34 1765262181 1.000000 -1 1.000000 1.000000 1.000000
30 1765262181 2.000000 -1 2.000000 2.000000 2.000000
19 1765262186 1.000000 -1 1.000000 1.000000 1.000000
21 1765262186 1.000000 -1 1.000000 1.000000 1.000000
32 1765262191 1.000000 -1 1.000000 1.000000 1.000000
34 1765262191 1.000000 -1 1.000000 1.000000 1.000000
19 1765262196 1.000000 -1 1.000000 1.000000 1.000000
21 1765262196 1.000000 -1 1.000000 1.000000 1.000000
23 1765262196 1.000000 -1 1.000000 1.000000 1.000000
25 1765262196 1.000000 -1 1.000000 1.000000 1.000000
32 1765262201 1.000000 -1 1.000000 1.000000 1.000000
28 1765262201 1.000000 -1 1.000000 1.000000 1.000000
23 1765262201 1.000000 -1 1.000000 1.000000 1.000000
34 1765262201 1.000000 -1 1.000000 1.000000 1.000000
25 1765262201 1.000000 -1 1.000000 1.000000 1.000000
30 1765262201 1.000000 -1 1.000000 1.000000 1.000000
19 1765262206 1.000000 -1 1.000000 1.000000 1.000000
21 1765262206 1.000000 -1 1.000000 1.000000 1.000000
32 1765262206 1.000000 -1 1.000000 1.000000 1.000000
23 1765262206 1.000000 -1 1.000000 1.000000 1.000000
34 1765262206 1.000000 -1 1.000000 1.000000 1.000000
25 1765262206 1.000000 -1 1.000000 1.000000 1.000000
19 1765262211 1.000000 -1 1.000000 1.000000 1.000000
21 1765262211 1.000000 -1 1.000000 1.000000 1.000000
23 1765262211 1.000000 -1 1.000000 1.000000 1.000000
25 1765262211 1.000000 -1 1.000000 1.000000 1.000000
19 1765262221 1.000000 -1 1.000000 1.000000 1.000000
21 1765262221 1.000000 -1 1.000000 1.000000 1.000000
32 1765262221 1.000000 -1 1.000000 1.000000 1.000000
28 1765262221 1.000000 -1 1.000000 1.000000 1.000000
23 1765262221 1.000000 -1 1.000000 1.000000 1.000000
34 1765262221 1.000000 -1 1.000000 1.000000 1.000000
25 1765262221 1.000000 -1 1.000000 1.000000 1.000000
30 1765262221 1.000000 -1 1.000000 1.000000 1.000000
28 1765262226 1.000000 -1 1.000000 1.000000 1.000000
30 1765262226 1.000000 -1 1.000000 1.000000 1.000000
28 1765262231 1.000000 -1 1.000000 1.000000 1.000000
23 1765262231 1.000000 -1 1.000000 1.000000 1.000000
25 1765262231 1.000000 -1 1.000000 1.000000 1.000000
30 1765262231 1.000000 -1 1.000000 1.000000 1.000000
32 1765262236 1.000000 -1 1.000000 1.000000 1.000000
28 1765262236 1.000000 -1 1.000000 1.000000 1.000000
23 1765262236 1.000000 -1 1.000000 1.000000 1.000000
34 1765262236 1.000000 -1 1.000000 1.000000 1.000000
25 1765262236 1.000000 -1 1.000000 1.000000 1.000000
30 1765262236 1.000000 -1 1.000000 1.000000 1.000000
19 1765262241 1.000000 -1 1.000000 1.000000 1.000000
21 1765262241 1.000000 -1 1.000000 1.000000 1.000000
32 1765262241 1.000000 -1 1.000000 1.000000 1.000000
28 1765262241 1.000000 -1 1.000000 1.000000 1.000000
34 1765262241 1.000000 -1 1.000000 1.000000 1.000000
30 1765262241 1.000000 -1 1.000000 1.000000 1.000000
19 1765262246 2.000000 -1 2.000000 2.000000 2.000000
21 1765262246 2.000000 -1 2.000000 2.000000 2.000000
23 1765262246 1.000000 -1 1.000000 1.000000 1.000000
25 1765262246 1.000000 -1 1.000000 1.000000 1.000000
32 1765262251 2.000000 -1 2.000000 2.000000 2.000000
28 1765262251 1.000000 -1 1.000000 1.000000 1.000000
34 1765262251 2.000000 -1 2.000000 2.000000 2.000000
30 1765262251 1.000000 -1 1.000000 1.000000 1.000000
19 1765262256 1.000000 -1 1.000000 1.000000 1.000000
21 1765262256 1.000000 -1 1.000000 1.000000 1.000000
28 1765262256 1.000000 -1 1.000000 1.000000 1.000000
30 1765262256 1.000000 -1 1.000000 1.000000 1.000000
19 1765262261 1.000000 -1 1.000000 1.000000 1.000000
21 1765262261 1.000000 -1 1.000000 1.000000 1.000000
32 1765262261 1.000000 -1 1.000000 1.000000 1.000000
34 1765262261 1.000000 -1 1.000000 1.000000 1.000000
23 1765262266 1.000000 -1 1.000000 1.000000 1.000000
25 1765262266 1.000000 -1 1.000000 1.000000 1.000000
32 1765262271 1.000000 -1 1.000000 1.000000 1.000000
28 1765262271 1.000000 -1 1.000000 1.000000 1.000000
23 1765262271 1.000000 -1 1.000000 1.000000 1.000000
34 1765262271 1.000000 -1 1.000000 1.000000 1.000000
25 1765262271 1.000000 -1 1.000000 1.000000 1.000000
30 1765262271 1.000000 -1 1.000000 1.000000 1.000000
32 1765262276 1.000000 -1 1.000000 1.000000 1.000000
23 1765262276 1.000000 -1 1.000000 1.000000 1.000000
34 1765262276 1.000000 -1 1.000000 1.000000 1.000000
25 1765262276 1.000000 -1 1.000000 1.000000 1.000000
23 1765262281 2.000000 -1 2.000000 2.000000 2.000000
25 1765262281 2.000000 -1 2.000000 2.000000 2.000000
19 1765262286 1.000000 -1 1.000000 1.000000 1.000000
21 1765262286 1.000000 -1 1.000000 1.000000 1.000000
19 1765262291 1.000000 -1 1.000000 1.000000 1.000000
21 1765262291 1.000000 -1 1.000000 1.000000 1.000000
32 1765262291 1.000000 -1 1.000000 1.000000 1.000000
28 1765262291 1.000000 -1 1.000000 1.000000 1.000000
34 1765262291 1.000000 -1 1.000000 1.000000 1.000000
30 1765262291 1.000000 -1 1.000000 1.000000 1.000000
19 1765262296 2.000000 -1 2.000000 2.000000 2.000000
21 1765262296 2.000000 -1 2.000000 2.000000 2.000000
28 1765262296 1.000000 -1 1.000000 1.000000 1.000000
30 1765262296 1.000000 -1 1.000000 1.000000 1.000000
28 1765262301 1.000000 -1 1.000000 1.000000 1.000000
30 1765262301 1.000000 -1 1.000000 1.000000 1.000000
19 1765262306 1.000000 -1 1.000000 1.000000 1.000000
21 1765262306 1.000000 -1 1.000000 1.000000 1.000000
28 1765262306 2.000000 -1 2.000000 2.000000 2.000000
30 1765262306 2.000000 -1 2.000000 2.000000 2.000000
32 1765262311 1.000000 -1 1.000000 1.000000 1.000000
23 1765262311 2.000000 -1 2.000000 2.000000 2.000000
34 1765262311 1.000000 -1 1.000000 1.000000 1.000000
25 1765262311 2.000000 -1 2.000000 2.000000 2.000000
19 1765262316 1.000000 -1 1.000000 1.000000 1.000000
21 1765262316 1.000000 -1 1.000000 1.000000 1.000000
32 1765262316 2.000000 -1 2.000000 2.000000 2.000000
23 1765262316 1.000000 -1 1.000000 1.000000 1.000000
34 1765262316 2.000000 -1 2.000000 2.000000 2.000000
25 1765262316 1.000000 -1 1.000000 1.000000 1.000000
19 1765262321 2.000000 -1 2.000000 2.000000 2.000000
21 1765262321 2.000000 -1 2.000000 2.000000 2.000000
23 1765262321 1.000000 -1 1.000000 1.000000 1.000000
25 1765262321 1.000000 -1 1.000000 1.000000 1.000000
32 1765262326 2.000000 -1 2.000000 2.000000 2.000000
34 1765262326 2.000000 -1 2.000000 2.000000 2.000000
19 1765262331 2.000000 -1 2.000000 2.000000 2.000000
21 1765262331 2.000000 -1 2.000000 2.000000 2.000000
23 1765262331 1.000000 -1 1.000000 1.000000 1.000000
25 1765262331 1.000000 -1 1.000000 1.000000 1.000000
28 1765262336 2.000000 -1 2.000000 2.000000 2.000000
30 1765262336 2.000000 -1 2.000000 2.000000 2.000000
28 1765262341 2.000000 -1 2.000000 2.000000 2.000000
23 1765262341 1.000000 -1 1.000000 1.000000 1.000000
25 1765262341 1.000000 -1 1.000000 1.000000 1.000000
30 1765262341 2.000000 -1 2.000000 2.000000 2.000000
23 1765262346 2.000000 -1 2.000000 2.000000 2.000000
25 1765262346 2.000000 -1 2.000000 2.000000 2.000000
32 1765262351 1.000000 -1 1.000000 1.000000 1.000000
28 1765262351 1.000000 -1 1.000000 1.000000 1.000000
34 1765262351 1.000000 -1 1.000000 1.000000 1.000000
30 1765262351 1.000000 -1 1.000000 1.000000 1.000000
42 1765262356 1.000000 -1 1.000000 1.000000 1.000000
32 1765262356 1.000000 -1 1.000000 1.000000 1.000000
23 1765262356 2.000000 -1 2.000000 2.000000 2.000000
34 1765262356 1.000000 -1 1.000000 1.000000 1.000000
25 1765262356 2.000000 -1 2.000000 2.000000 2.000000
19 1765262361 1.000000 -1 1.000000 1.000000 1.000000
42 1765262361 1.000000 -1 1.000000 1.000000 1.000000
21 1765262361 1.000000 -1 1.000000 1.000000 1.000000
32 1765262361 2.000000 -1 2.000000 2.000000 2.000000
34 1765262361 2.000000 -1 2.000000 2.000000 2.000000
28 1765262366 2.000000 -1 2.000000 2.000000 2.000000
30 1765262366 2.000000 -1 2.000000 2.000000 2.000000
32 1765262371 1.000000 -1 1.000000 1.000000 1.000000
28 1765262371 1.000000 -1 1.000000 1.000000 1.000000
34 1765262371 1.000000 -1 1.000000 1.000000 1.000000
30 1765262371 1.000000 -1 1.000000 1.000000 1.000000
19 1765262376 2.000000 -1 2.000000 2.000000 2.000000
21 1765262376 2.000000 -1 2.000000 2.000000 2.000000
28 1765262376 2.000000 -1 2.000000 2.000000 2.000000
30 1765262376 2.000000 -1 2.000000 2.000000 2.000000
32 1765262381 1.000000 -1 1.000000 1.000000 1.000000
34 1765262381 1.000000 -1 1.000000 1.000000 1.000000
19 1765262386 1.000000 -1 1.000000 1.000000 1.000000
21 1765262386 1.000000 -1 1.000000 1.000000 1.000000
32 1765262386 1.000000 -1 1.000000 1.000000 1.000000
23 1765262386 1.000000 -1 1.000000 1.000000 1.000000
34 1765262386 1.000000 -1 1.000000 1.000000 1.000000
25 1765262386 1.000000 -1 1.000000 1.000000 1.000000
32 1765262391 1.000000 -1 1.000000 1.000000 1.000000
34 1765262391 1.000000 -1 1.000000 1.000000 1.000000
19 1765262396 2.000000 -1 2.000000 2.000000 2.000000
42 1765262396 1.000000 -1 1.000000 1.000000 1.000000
21 1765262396 2.000000 -1 2.000000 2.000000 2.000000
32 1765262396 2.000000 -1 2.000000 2.000000 2.000000
23 1765262396 1.000000 -1 1.000000 1.000000 1.000000
34 1765262396 2.000000 -1 2.000000 2.000000 2.000000
25 1765262396 1.000000 -1 1.000000 1.000000 1.000000
23 1765262401 1.000000 -1 1.000000 1.000000 1.000000
25 1765262401 1.000000 -1 1.000000 1.000000 1.000000
19 1765262406 1.000000 -1 1.000000 1.000000 1.000000
21 1765262406 1.000000 -1 1.000000 1.000000 1.000000
28 1765262406 1.000000 -1 1.000000 1.000000 1.000000
30 1765262406 1.000000 -1 1.000000 1.000000 1.000000
23 1765262411 1.000000 -1 1.000000 1.000000 1.000000
25 1765262411 1.000000 -1 1.000000 1.000000 1.000000
23 1765262416 1.000000 -1 1.000000 1.000000 1.000000
25 1765262416 1.000000 -1 1.000000 1.000000 1.000000
28 1765262421 1.000000 -1 1.000000 1.000000 1.000000
23 1765262421 1.000000 -1 1.000000 1.000000 1.000000
25 1765262421 1.000000 -1 1.000000 1.000000 1.000000
30 1765262421 1.000000 -1 1.000000 1.000000 1.000000
32 1765262426 1.000000 -1 1.000000 1.000000 1.000000
28 1765262426 1.000000 -1 1.000000 1.000000 1.000000
23 1765262426 1.000000 -1 1.000000 1.000000 1.000000
34 1765262426 1.000000 -1 1.000000 1.000000 1.000000
25 1765262426 1.000000 -1 1.000000 1.000000 1.000000
30 1765262426 1.000000 -1 1.000000 1.000000 1.000000
28 1765262436 1.000000 -1 1.000000 1.000000 1.000000
30 1765262436 1.000000 -1 1.000000 1.000000 1.000000
42 1765262441 1.000000 -1 1.000000 1.000000 1.000000
32 1765262441 1.000000 -1 1.000000 1.000000 1.000000
28 1765262441 2.000000 -1 2.000000 2.000000 2.000000
34 1765262441 1.000000 -1 1.000000 1.000000 1.000000
30 1765262441 2.000000 -1 2.000000 2.000000 2.000000
19 1765262446 1.000000 -1 1.000000 1.000000 1.000000
21 1765262446 1.000000 -1 1.000000 1.000000 1.000000
32 1765262446 1.000000 -1 1.000000 1.000000 1.000000
34 1765262446 1.000000 -1 1.000000 1.000000 1.000000
28 1765262451 1.000000 -1 1.000000 1.000000 1.000000
30 1765262451 1.000000 -1 1.000000 1.000000 1.000000
19 1765262456 1.000000 -1 1.000000 1.000000 1.000000
21 1765262456 1.000000 -1 1.000000 1.000000 1.000000
32 1765262456 1.000000 -1 1.000000 1.000000 1.000000
34 1765262456 1.000000 -1 1.000000 1.000000 1.000000
32 1765262461 1.000000 -1 1.000000 1.000000 1.000000
34 1765262461 1.000000 -1 1.000000 1.000000 1.000000
19 1765262466 2.000000 -1 2.000000 2.000000 2.000000
21 1765262466 2.000000 -1 2.000000 2.000000 2.000000
32 1765262471 1.000000 -1 1.000000 1.000000 1.000000
23 1765262471 1.000000 -1 1.000000 1.000000 1.000000
34 1765262471 1.000000 -1 1.000000 1.000000 1.000000
25 1765262471 1.000000 -1 1.000000 1.000000 1.000000
23 1765262476 1.000000 -1 1.000000 1.000000 1.000000
25 1765262476 1.000000 -1 1.000000 1.000000 1.000000
19 1765262481 1.000000 -1 1.000000 1.000000 1.000000
21 1765262481 1.000000 -1 1.000000 1.000000 1.000000
42 1765262486 1.000000 -1 1.000000 1.000000 1.000000
32 1765262486 1.000000 -1 1.000000 1.000000 1.000000
34 1765262486 1.000000 -1 1.000000 1.000000 1.000000
23 1765262491 2.000000 -1 2.000000 2.000000 2.000000
25 1765262491 2.000000 -1 2.000000 2.000000 2.000000
28 1765262496 1.000000 -1 1.000000 1.000000 1.000000
30 1765262496 1.000000 -1 1.000000 1.000000 1.000000
28 1765262501 1.000000 -1 1.000000 1.000000 1.000000
23 1765262501 1.000000 -1 1.000000 1.000000 1.000000
25 1765262501 1.000000 -1 1.000000 1.000000 1.000000
30 1765262501 1.000000 -1 1.000000 1.000000 1.000000
42 1765262511 1.000000 -1 1.000000 1.000000 1.000000
32 1765262511 1.000000 -1 1.000000 1.000000 1.000000
28 1765262511 1.000000 -1 1.000000 1.000000 1.000000
34 1765262511 1.000000 -1 1.000000 1.000000 1.000000
30 1765262511 1.000000 -1 1.000000 1.000000 1.000000
28 1765262516 1.000000 -1 1.000000 1.000000 1.000000
30 1765262516 1.000000 -1 1.000000 1.000000 1.000000
42 1765262521 1.000000 -1 1.000000 1.000000 1.000000
32 1765262521 1.000000 -1 1.000000 1.000000 1.000000
34 1765262521 1.000000 -1 1.000000 1.000000 1.000000
28 1765262526 1.000000 -1 1.000000 1.000000 1.000000
30 1765262526 1.000000 -1 1.000000 1.000000 1.000000
42 1765262531 1.000000 -1 1.000000 1.000000 1.000000
32 1765262531 1.000000 -1 1.000000 1.000000 1.000000
34 1765262531 1.000000 -1 1.000000 1.000000 1.000000
42 1765262536 1.000000 -1 1.000000 1.000000 1.000000
32 1765262536 1.000000 -1 1.000000 1.000000 1.000000
34 1765262536 1.000000 -1 1.000000 1.000000 1.000000
32 1765262546 1.000000 -1 1.000000 1.000000 1.000000
34 1765262546 1.000000 -1 1.000000 1.000000 1.000000
19 1765262566 1.000000 -1 1.000000 1.000000 1.000000
21 1765262566 1.000000 -1 1.000000 1.000000 1.000000
23 1765262591 1.000000 -1 1.000000 1.000000 1.000000
25 1765262591 1.000000 -1 1.000000 1.000000 1.000000
28 1765262611 1.000000 -1 1.000000 1.000000 1.000000
30 1765262611 1.000000 -1 1.000000 1.000000 1.000000
42 1765262631 1.000000 -1 1.000000 1.000000 1.000000
32 1765262631 1.000000 -1 1.000000 1.000000 1.000000
34 1765262631 1.000000 -1 1.000000 1.000000 1.000000
